
'''
      Item_Visibility  Item_MRP  Item_Outlet_Sales
2079         0.052141  174.9054           525.3162
2728         0.234733  173.4764           171.7764
2092         0.035568  151.8024           151.8024
6587         0.163839   51.3324           311.5944
3389         0.027779   50.1034            97.2068

Tier 3 , Grocery Store = 3 to 5(Predicting Item Count as default)
'''

'''
     Item_Visibility  Item_MRP  Item_Outlet_Sales
342         0.031126  174.3054           4377.635
6654         0.042525   228.372            4527.44
3604         0.016583   50.5034           1458.102
1904         0.077255   257.633           1537.998
2923         0.021232  151.1024          2428.8384
6156          0.04179  256.1014           2550.014
7255              0.0  173.6422           517.3266
6788         0.040912  141.2496          3387.5904
3975              0.0   98.7042           892.8378
8354           0.0771  172.4106          1539.9954
3591         0.041537   46.0376           527.3136
7029         0.097803   50.5324           882.8508
4902         0.120181   141.447           2290.352
5602         0.066674  259.1962           5179.924
7098         0.140124  172.0764          2748.4224
267         0.014619    85.225           1081.925

Tier 3 , Supermarket Type1 = 5 to 15(Predicting Item Count as default)
'''

'''
      Item_Visibility  Item_MRP  Item_Outlet_Sales
5019         0.042734   226.972           3848.324
6392         0.077479  170.3106           4277.765
7869         0.031279  176.0054           2626.581
2292         0.021337  153.6024          1366.2216
3899         0.041741   49.2376            958.752
1384         0.014691    84.725           1747.725
7895         0.041995  254.7014           5100.028
7011         0.140812  173.5764          2061.3168
6444         0.077634   256.433           3844.995
5838         0.041113  139.9496          3105.2912
7200         0.046962  173.8422           3448.844
7590         0.120771   143.447           2290.352
4908         0.016664   47.9034            729.051
6132         0.067002  259.1962          5438.9202
3088         0.039653   99.5042          1686.4714
2190         0.098283   51.3324           934.7832

Tier 3 , Supermarket Type2 = 5 to 15(Predicting Item Count as default)
'''

'''
      Item_Visibility  Item_MRP  Item_Outlet_Sales
7539         0.042354   227.272           7017.532
723         0.076791  172.1106           2566.659
4478         0.040748  140.2496          4093.3384
537         0.016516   47.4034           2187.153
231         0.139561  170.4764           3435.528
3928         0.097411   52.7324          2492.7552
4075         0.046545  172.0422          4828.3816
4676              0.0  153.8024          7741.9224
6984          0.04137   46.2376           814.9392
774          0.01456    81.425             1331.6
1409         0.066407  259.7962          5697.9164
4233         0.031001  177.0054          2101.2648
8249         0.119699   143.047           3578.675
8329         0.041622  253.6014          6630.0364
8320         0.039301   99.5042          1884.8798
7609         0.076945   257.133           7433.657

Tier 3 , Supermarket Type3 = 5 to 15(Predicting Item Count as default)
'''

'''
      Item_Visibility  Item_MRP  Item_Outlet_Sales
2412         0.041817  254.5014          4845.0266
3092         0.042061  254.1014          3315.0182
7339         0.041909  255.0014          5865.0322
3380         0.041807   48.8376           527.3136
5777         0.041656   48.5376           335.5632
7800         0.041564   47.6376           335.5632
6164         0.120961   143.847           4866.998
6772         0.120258   141.547           2290.352
6839         0.120525   142.247           2433.499
1901         0.067107  258.1962          4402.9354
2622         0.066717  260.8962          4920.9278
5389         0.066865  260.1962          2848.9582
256          0.098438   51.1324           259.6620
1141         0.097866   51.1324          1350.2424
6499         0.098083   50.3324           675.1212
2656         0.077756   254.533           1281.665
3917         0.077304   257.633           4613.994
4995         0.077476   255.333           4870.327
283          0.021370  153.0024          2277.0360
2217         0.000000  153.0024          2428.8384
7874         0.021293  151.9024          2732.4432
468          0.014661    85.125           2663.200
5327         0.014628    82.325           1331.600
6142         0.014714    83.125           2579.975
736          0.031146  173.6054          2626.5810
1639         0.031215  177.1054          2626.5810
1756         0.031328  174.6054          2976.7918
1202         0.140525  172.7764          2233.0932
6112         0.141034  173.6764           858.8820
7726         0.140214  173.7764          4637.9628
619          0.016630   48.1034           534.6374
1604         0.016594   46.9034           972.0680
6963         0.000000   46.8034           923.4646
4700         0.047036  170.5422          2759.0752
6486         0.046763  170.8422          1724.4220
7420         0.046866  170.5422          1551.9798
2748         0.039485   97.9042          1686.4714
7248         0.039716  100.1042          1289.6546
8173         0.039572  100.9042          1686.4714
2243         0.042801   228.372           2037.348
4475         0.042552   225.172           3395.580
7322         0.042647   225.172            452.744
2994         0.077601  171.0106          3079.9908
3045         0.077321  169.3106          2224.4378
5598         0.077150  170.2106          1882.2166
642          0.041178  142.3496          3246.4408
1288         0.041029  142.6496          1834.9448
1778         0.040938  141.1496          4516.7872

Tier 2 , Supermarket Type1 = 5 to 15(Predicting Item Count as default)
'''

'''
      Item_Visibility  Item_MRP  Item_Outlet_Sales
5571         0.077165  172.5106           2566.659
7546         0.077285  172.4106           4277.765
3978         0.098037   51.5324           882.8508
8032         0.097885   52.5324          1194.4452
5780         0.046844  174.2422          1379.5376
7965         0.046771  173.9422          3103.9596
4747         0.140458  169.7764          3263.7516
5164         0.140240  171.0764          3263.7516
1322         0.120281   142.747           3149.234
8340         0.120468   145.147           5296.439
1195         0.016622   50.2034          1166.4816
7458         0.016597   48.3034           777.6544
154          0.042560   226.172           3169.208
7936         0.042626   227.072           4074.696
4474         0.039492   97.3042          1091.2462
8479         0.039554   99.1042          2579.3092
389          0.021250  150.5024          2580.6408
4953         0.021283  153.5024          2428.8384
3443         0.041636   47.3376          1150.5024
6324         0.041572   49.9376           623.1888
3022         0.066730  257.2962          4920.9278
5572         0.066834  257.2962          2330.9658
1993         0.077319   255.433           4357.661
2331         0.000000   256.633           2050.664
3798         0.041825  256.7014          2805.0154
5764         0.041890  255.9014          3315.0182
2075         0.014654    82.425            749.025
8034         0.014631    84.525            416.125
2976         0.031152  173.2054          4902.9512
6050         0.031200  174.7054          6303.7944
1261         0.041010  141.2496          2681.8424
2857         0.040946  143.1496          2258.3936

Tier 1 , Supermarket Type1 = 5 to 15(Predicting Item Count as default)
'''

'''














      Item_Visibility  Item_MRP  Item_Outlet_Sales
8025         0.171384   50.5324           207.7296
1670         0.073229  254.1014           255.0014
4567         0.210596   144.747            143.147
2782         0.135376   256.133            256.333
8458         0.074518   227.372            452.744
4588         0.072786   49.4376           191.7504
1575         0.245543  172.2764           171.7764

Tier 1 , Grocery Store = 5 to 15(Predicting Item Count as default)

















'''
